18051
18052
18053
18054
18056
18057
18077
18079
18080
18083
18086
18088
18099
18104
18105
18106
18107
18111
18112
18113
18114
18115
18116
18118
18119
18120
18121
18130
18142
18143
18145
18146
18147
18148
18150
18151
18152
18163
18165
18166
18170
18171
18172
18173
18175
18182
18197
18198
18201
18202
18204
18205
18234
18238
18239
18243
18244
18246
18247
18249
18251
18252
18255
18256
18257
18258
18259
18260
18261
18262
18263
18264
18265
18267
18268
18269
18270
18271
18272
18288
18289
18290
18293
18306
18311
18339
18349
18366
18367
18368
18369
18370
18371
18373
18374
18375
18376
18378
18383
18384
18385
18392
18399
18406
18407
18411
18413
18418
18420
18421
18422
18423
18424
18425
18426
18427
18431
18448
18449
18450
18452
18455
18456
18457
18460
18461
18462
18463
18464
18465
18472
18479
18480
18483
18502
18504
18508
18509
18511
18526
18552
18553
18554
18555
18557
18563
18564
18566
18567
18570
18571
18580
18581
18582
18584
18593
18595
18598
18599
18600
18602
18603
18604
18605
18610
18615
18617
18618
18624
18625
18627
18628
18629
18634
18635
18636
18638
18641
18646
18649
18650
18653
18654
18656
18658
18659
18660
18661
18662
18665
18667
18668
18670
18671
18673
18674
18675
18676
18677
18680
18682
18683
18684
18685
18687
18690
18691
18693
18698
18700
18701
18702
18703
18704
18705
18706
18707
18708
18709
18710
18713
18725
18726
18727
18731
18732
18733
18734
18735
18736
18739
18746
18748
18751
18762
18763
18765
18766
18767
18768
18773
18774
18775
18776
18778
18782
18787
18788
18789
18790
18792
18793
18795
18799
18801
18803
18804
18805
18806
18807
18810
18811
18812
18815
18820
18821
18824
18825
18832
18833
18836
18838
18839
18842
18843
18846
18847
18850
18852
18872
18873
18874
18875
18876
18877
18879
18880
18881
18882
18887
18890
18892
18893
18894
18895
18896
18906
18907
18908
18909
18910
18911
18913
18915
18916
18921
18927
18929
18931
18936
18937
18938
18939
18940
18943
18944
18945
18946
18949
18954
18957
18958
18960
18962
18964
18965
18966
18967
18968
18969
18970
18971
18974
18975
18976
18978
18986
18988
18989
18990
18992
18998
18999
19002
19003
19004
19005
19006
19008
19010
19011
19014
19016
19017
19018
19027
19034
19035
19036
19037
19039
19048
19051
19061
19067
19068
19069
19070
19072
19075
19079
19080
19082
19084
19087
19088
19089
19090
19092
19093
19098
19099
19100
19101
19102
19103
19104
19105
19106
19107
19113
19116
19117
19118
19119
19120
19123
19133
19134
19135
19136
19137
19141
19144
19147
19148
19149
19151
19153
19161
19163
19164
19165
19166
19169
19174
19176
19177
19178
19179
19180
19182
19186
19187
19188
19195
19196
19198
19199
19200
19201
19202
19203
19206
19207
19208
19210
19211
19215
19216
19217
19218
19219
19222
19223
19224
19225
19226
19229
19230
19234
19236
19237
19238
19245
19248
19249
19250
19251
19254
19257
19258
19260
19261
19262
19264
19267
19268
19269
19271
19272
19273
19274
19276
19277
19278
19279
19281
19282
19283
19285
19288
19289
19290
19291
19292
19293
19295
19296
19297
19298
19300
19302
19306
19307
19308
19309
19310
19311
19314
19315
19316
19317
19320
19321
19322
19323
19325
19326
19327
19328
19329
19330
19331
19339
19345
19347
19348
19350
19352
19353
19354
19355
19356
19357
19359
19360
19361
19362
19363
19364
19365
19366
19367
19370
19371
19372
19373
19376
19377
19378
19380
19381
19384
19385
19386
19387
19388
19389
